theta_deg    D(разы)        D(дБ)
  0.0001  1.012135e-12  -119.9476
  0.1802  1.001643e-05  -49.9929
  0.3604  4.005318e-05  -43.9736
  0.5406  9.011084e-05  -40.4522
  0.7208  1.601904e-04  -37.9536
  0.9010  2.502933e-04  -36.0155
  1.0811  3.604212e-04  -34.4319
  1.2613  4.905764e-04  -33.0929
  1.4415  6.407613e-04  -31.9330
  1.6217  8.109791e-04  -30.9099
  1.8019  1.001233e-03  -29.9946
  1.9820  1.211527e-03  -29.1667
  2.1622  1.441864e-03  -28.4108
  2.3424  1.692251e-03  -27.7154
  2.5226  1.962690e-03  -27.0715
  2.7028  2.253189e-03  -26.4720
  2.8829  2.563752e-03  -25.9112
  3.0631  2.894385e-03  -25.3844
  3.2433  3.245095e-03  -24.8877
  3.4235  3.615889e-03  -24.4178
  3.6037  4.006774e-03  -23.9721
  3.7838  4.417757e-03  -23.5480
  3.9640  4.848847e-03  -23.1436
  4.1442  5.300051e-03  -22.7572
  4.3244  5.771379e-03  -22.3872
  4.5046  6.262839e-03  -22.0323
  4.6847  6.774441e-03  -21.6913
  4.8649  7.306194e-03  -21.3631
  5.0451  7.858109e-03  -21.0468
  5.2253  8.430196e-03  -20.7416
  5.4055  9.022466e-03  -20.4467
  5.5856  9.634930e-03  -20.1615
  5.7658  1.026760e-02  -19.8853
  5.9460  1.092049e-02  -19.6176
  6.1262  1.159360e-02  -19.3578
  6.3064  1.228696e-02  -19.1056
  6.4865  1.300057e-02  -18.8604
  6.6667  1.373445e-02  -18.6219
  6.8469  1.448861e-02  -18.3897
  7.0271  1.526307e-02  -18.1636
  7.2073  1.605783e-02  -17.9431
  7.3874  1.687292e-02  -17.7281
  7.5676  1.770835e-02  -17.5182
  7.7478  1.856413e-02  -17.3133
  7.9280  1.944028e-02  -17.1130
  8.1082  2.033681e-02  -16.9172
  8.2883  2.125373e-02  -16.7256
  8.4685  2.219108e-02  -16.5382
  8.6487  2.314886e-02  -16.3547
  8.8289  2.412708e-02  -16.1750
  9.0091  2.512577e-02  -15.9988
  9.1892  2.614494e-02  -15.8261
  9.3694  2.718461e-02  -15.6568
  9.5496  2.824479e-02  -15.4906
  9.7298  2.932551e-02  -15.3275
  9.9100  3.042678e-02  -15.1674
 10.0901  3.154863e-02  -15.0102
 10.2703  3.269106e-02  -14.8557
 10.4505  3.385409e-02  -14.7039
 10.6307  3.503776e-02  -14.5546
 10.8109  3.624206e-02  -14.4079
 10.9910  3.746704e-02  -14.2635
 11.1712  3.871269e-02  -14.1215
 11.3514  3.997905e-02  -13.9817
 11.5316  4.126613e-02  -13.8441
 11.7118  4.257395e-02  -13.7086
 11.8919  4.390253e-02  -13.5751
 12.0721  4.525189e-02  -13.4436
 12.2523  4.662205e-02  -13.3141
 12.4325  4.801304e-02  -13.1864
 12.6127  4.942487e-02  -13.0605
 12.7928  5.085756e-02  -12.9364
 12.9730  5.231113e-02  -12.8141
 13.1532  5.378560e-02  -12.6933
 13.3334  5.528100e-02  -12.5742
 13.5136  5.679735e-02  -12.4567
 13.6937  5.833465e-02  -12.3407
 13.8739  5.989295e-02  -12.2262
 14.0541  6.147225e-02  -12.1132
 14.2343  6.307258e-02  -12.0016
 14.4145  6.469395e-02  -11.8914
 14.5946  6.633640e-02  -11.7825
 14.7748  6.799993e-02  -11.6749
 14.9550  6.968458e-02  -11.5686
 15.1352  7.139036e-02  -11.4636
 15.3154  7.311728e-02  -11.3598
 15.4955  7.486538e-02  -11.2572
 15.6757  7.663468e-02  -11.1557
 15.8559  7.842519e-02  -11.0554
 16.0361  8.023693e-02  -10.9563
 16.2163  8.206992e-02  -10.8582
 16.3964  8.392419e-02  -10.7611
 16.5766  8.579976e-02  -10.6651
 16.7568  8.769664e-02  -10.5702
 16.9370  8.961485e-02  -10.4762
 17.1172  9.155442e-02  -10.3832
 17.2973  9.351536e-02  -10.2912
 17.4775  9.549770e-02  -10.2001
 17.6577  9.750144e-02  -10.1099
 17.8379  9.952662e-02  -10.0206
 18.0181  1.015732e-01   -9.9322
 18.1982  1.036413e-01   -9.8447
 18.3784  1.057309e-01   -9.7580
 18.5586  1.078420e-01   -9.6721
 18.7388  1.099746e-01   -9.5871
 18.9190  1.121288e-01   -9.5028
 19.0991  1.143045e-01   -9.4194
 19.2793  1.165018e-01   -9.3367
 19.4595  1.187206e-01   -9.2547
 19.6397  1.209611e-01   -9.1735
 19.8199  1.232232e-01   -9.0931
 20.0000  1.255070e-01   -9.0133
 20.1802  1.278124e-01   -8.9343
 20.3604  1.301394e-01   -8.8559
 20.5406  1.324882e-01   -8.7782
 20.7208  1.348586e-01   -8.7012
 20.9009  1.372508e-01   -8.6249
 21.0811  1.396647e-01   -8.5491
 21.2613  1.421003e-01   -8.4741
 21.4415  1.445576e-01   -8.3996
 21.6217  1.470368e-01   -8.3257
 21.8018  1.495377e-01   -8.2525
 21.9820  1.520604e-01   -8.1798
 22.1622  1.546048e-01   -8.1078
 22.3424  1.571711e-01   -8.0363
 22.5226  1.597592e-01   -7.9653
 22.7027  1.623692e-01   -7.8950
 22.8829  1.650009e-01   -7.8251
 23.0631  1.676545e-01   -7.7558
 23.2433  1.703299e-01   -7.6871
 23.4235  1.730272e-01   -7.6189
 23.6036  1.757464e-01   -7.5511
 23.7838  1.784874e-01   -7.4839
 23.9640  1.812503e-01   -7.4172
 24.1442  1.840350e-01   -7.3510
 24.3244  1.868416e-01   -7.2853
 24.5045  1.896701e-01   -7.2200
 24.6847  1.925205e-01   -7.1552
 24.8649  1.953928e-01   -7.0909
 25.0451  1.982869e-01   -7.0271
 25.2253  2.012029e-01   -6.9637
 25.4054  2.041408e-01   -6.9007
 25.5856  2.071006e-01   -6.8382
 25.7658  2.100823e-01   -6.7761
 25.9460  2.130858e-01   -6.7145
 26.1262  2.161112e-01   -6.6532
 26.3063  2.191584e-01   -6.5924
 26.4865  2.222275e-01   -6.5320
 26.6667  2.253184e-01   -6.4720
 26.8469  2.284312e-01   -6.4124
 27.0271  2.315658e-01   -6.3533
 27.2072  2.347223e-01   -6.2945
 27.3874  2.379005e-01   -6.2360
 27.5676  2.411005e-01   -6.1780
 27.7478  2.443224e-01   -6.1204
 27.9280  2.475659e-01   -6.0631
 28.1081  2.508313e-01   -6.0062
 28.2883  2.541184e-01   -5.9496
 28.4685  2.574272e-01   -5.8935
 28.6487  2.607577e-01   -5.8376
 28.8289  2.641099e-01   -5.7822
 29.0090  2.674838e-01   -5.7270
 29.1892  2.708793e-01   -5.6722
 29.3694  2.742964e-01   -5.6178
 29.5496  2.777352e-01   -5.5637
 29.7298  2.811955e-01   -5.5099
 29.9099  2.846774e-01   -5.4565
 30.0901  2.881808e-01   -5.4034
 30.2703  2.917056e-01   -5.3506
 30.4505  2.952520e-01   -5.2981
 30.6307  2.988198e-01   -5.2459
 30.8108  3.024090e-01   -5.1941
 30.9910  3.060195e-01   -5.1425
 31.1712  3.096514e-01   -5.0913
 31.3514  3.133046e-01   -5.0403
 31.5316  3.169791e-01   -4.9897
 31.7117  3.206748e-01   -4.9394
 31.8919  3.243916e-01   -4.8893
 32.0721  3.281296e-01   -4.8395
 32.2523  3.318888e-01   -4.7901
 32.4325  3.356689e-01   -4.7409
 32.6126  3.394701e-01   -4.6920
 32.7928  3.432923e-01   -4.6434
 32.9730  3.471354e-01   -4.5950
 33.1532  3.509993e-01   -4.5469
 33.3334  3.548841e-01   -4.4991
 33.5135  3.587896e-01   -4.4516
 33.6937  3.627159e-01   -4.4043
 33.8739  3.666628e-01   -4.3573
 34.0541  3.706303e-01   -4.3106
 34.2343  3.746184e-01   -4.2641
 34.4144  3.786269e-01   -4.2179
 34.5946  3.826559e-01   -4.1719
 34.7748  3.867052e-01   -4.1262
 34.9550  3.907748e-01   -4.0807
 35.1352  3.948647e-01   -4.0355
 35.3154  3.989747e-01   -3.9905
 35.4955  4.031048e-01   -3.9458
 35.6757  4.072549e-01   -3.9013
 35.8559  4.114250e-01   -3.8571
 36.0361  4.156149e-01   -3.8131
 36.2163  4.198247e-01   -3.7693
 36.3964  4.240542e-01   -3.7258
 36.5766  4.283033e-01   -3.6825
 36.7568  4.325719e-01   -3.6394
 36.9370  4.368601e-01   -3.5966
 37.1172  4.411676e-01   -3.5540
 37.2973  4.454944e-01   -3.5116
 37.4775  4.498405e-01   -3.4694
 37.6577  4.542057e-01   -3.4275
 37.8379  4.585899e-01   -3.3858
 38.0181  4.629931e-01   -3.3443
 38.1982  4.674151e-01   -3.3030
 38.3784  4.718558e-01   -3.2619
 38.5586  4.763152e-01   -3.2211
 38.7388  4.807932e-01   -3.1804
 38.9190  4.852896e-01   -3.1400
 39.0991  4.898043e-01   -3.0998
 39.2793  4.943373e-01   -3.0598
 39.4595  4.988884e-01   -3.0200
 39.6397  5.034575e-01   -2.9804
 39.8199  5.080445e-01   -2.9410
 40.0000  5.126494e-01   -2.9018
 40.1802  5.172718e-01   -2.8628
 40.3604  5.219119e-01   -2.8240
 40.5406  5.265694e-01   -2.7854
 40.7208  5.312441e-01   -2.7471
 40.9009  5.359361e-01   -2.7089
 41.0811  5.406452e-01   -2.6709
 41.2613  5.453711e-01   -2.6331
 41.4415  5.501139e-01   -2.5955
 41.6217  5.548734e-01   -2.5581
 41.8018  5.596494e-01   -2.5208
 41.9820  5.644418e-01   -2.4838
 42.1622  5.692504e-01   -2.4470
 42.3424  5.740752e-01   -2.4103
 42.5226  5.789160e-01   -2.3738
 42.7027  5.837726e-01   -2.3376
 42.8829  5.886448e-01   -2.3015
 43.0631  5.935327e-01   -2.2656
 43.2433  5.984359e-01   -2.2298
 43.4235  6.033544e-01   -2.1943
 43.6036  6.082879e-01   -2.1589
 43.7838  6.132364e-01   -2.1237
 43.9640  6.181996e-01   -2.0887
 44.1442  6.231775e-01   -2.0539
 44.3244  6.281698e-01   -2.0192
 44.5045  6.331764e-01   -1.9848
 44.6847  6.381971e-01   -1.9505
 44.8649  6.432317e-01   -1.9163
 45.0451  6.482801e-01   -1.8824
 45.2253  6.533421e-01   -1.8486
 45.4054  6.584175e-01   -1.8150
 45.5856  6.635062e-01   -1.7816
 45.7658  6.686079e-01   -1.7483
 45.9460  6.737226e-01   -1.7152
 46.1262  6.788499e-01   -1.6823
 46.3063  6.839897e-01   -1.6495
 46.4865  6.891418e-01   -1.6169
 46.6667  6.943061e-01   -1.5845
 46.8469  6.994823e-01   -1.5522
 47.0271  7.046703e-01   -1.5201
 47.2072  7.098698e-01   -1.4882
 47.3874  7.150807e-01   -1.4564
 47.5676  7.203027e-01   -1.4248
 47.7478  7.255357e-01   -1.3934
 47.9280  7.307794e-01   -1.3621
 48.1081  7.360336e-01   -1.3310
 48.2883  7.412981e-01   -1.3001
 48.4685  7.465728e-01   -1.2693
 48.6487  7.518573e-01   -1.2386
 48.8289  7.571516e-01   -1.2082
 49.0090  7.624553e-01   -1.1779
 49.1892  7.677682e-01   -1.1477
 49.3694  7.730901e-01   -1.1177
 49.5496  7.784209e-01   -1.0879
 49.7298  7.837602e-01   -1.0582
 49.9099  7.891078e-01   -1.0286
 50.0901  7.944636e-01   -0.9993
 50.2703  7.998272e-01   -0.9700
 50.4505  8.051985e-01   -0.9410
 50.6307  8.105772e-01   -0.9121
 50.8108  8.159630e-01   -0.8833
 50.9910  8.213558e-01   -0.8547
 51.1712  8.267553e-01   -0.8262
 51.3514  8.321612e-01   -0.7979
 51.5316  8.375733e-01   -0.7698
 51.7117  8.429913e-01   -0.7418
 51.8919  8.484150e-01   -0.7139
 52.0721  8.538441e-01   -0.6862
 52.2523  8.592785e-01   -0.6587
 52.4325  8.647177e-01   -0.6313
 52.6126  8.701617e-01   -0.6040
 52.7928  8.756100e-01   -0.5769
 52.9730  8.810625e-01   -0.5499
 53.1532  8.865189e-01   -0.5231
 53.3334  8.919788e-01   -0.4965
 53.5135  8.974422e-01   -0.4699
 53.6937  9.029086e-01   -0.4436
 53.8739  9.083778e-01   -0.4173
 54.0541  9.138495e-01   -0.3913
 54.2343  9.193235e-01   -0.3653
 54.4144  9.247995e-01   -0.3395
 54.5946  9.302772e-01   -0.3139
 54.7748  9.357563e-01   -0.2884
 54.9550  9.412365e-01   -0.2630
 55.1352  9.467176e-01   -0.2378
 55.3153  9.521993e-01   -0.2127
 55.4955  9.576812e-01   -0.1878
 55.6757  9.631632e-01   -0.1630
 55.8559  9.686448e-01   -0.1384
 56.0361  9.741259e-01   -0.1138
 56.2162  9.796060e-01   -0.0895
 56.3964  9.850850e-01   -0.0653
 56.5766  9.905625e-01   -0.0412
 56.7568  9.960382e-01   -0.0172
 56.9370  1.001512e+00    0.0066
 57.1171  1.006983e+00    0.0302
 57.2973  1.012452e+00    0.0537
 57.4775  1.017917e+00    0.0771
 57.6577  1.023380e+00    0.1004
 57.8379  1.028838e+00    0.1235
 58.0180  1.034293e+00    0.1464
 58.1982  1.039744e+00    0.1693
 58.3784  1.045190e+00    0.1920
 58.5586  1.050631e+00    0.2145
 58.7388  1.056067e+00    0.2369
 58.9189  1.061498e+00    0.2592
 59.0991  1.066923e+00    0.2813
 59.2793  1.072341e+00    0.3033
 59.4595  1.077754e+00    0.3252
 59.6397  1.083159e+00    0.3469
 59.8198  1.088558e+00    0.3685
 60.0000  1.093949e+00    0.3900
 60.1802  1.099332e+00    0.4113
 60.3604  1.104708e+00    0.4325
 60.5406  1.110075e+00    0.4535
 60.7207  1.115433e+00    0.4744
 60.9009  1.120782e+00    0.4952
 61.0811  1.126122e+00    0.5159
 61.2613  1.131453e+00    0.5364
 61.4415  1.136773e+00    0.5567
 61.6216  1.142083e+00    0.5770
 61.8018  1.147382e+00    0.5971
 61.9820  1.152671e+00    0.6171
 62.1622  1.157948e+00    0.6369
 62.3424  1.163213e+00    0.6566
 62.5225  1.168466e+00    0.6762
 62.7027  1.173708e+00    0.6956
 62.8829  1.178936e+00    0.7149
 63.0631  1.184151e+00    0.7341
 63.2433  1.189353e+00    0.7531
 63.4234  1.194542e+00    0.7720
 63.6036  1.199716e+00    0.7908
 63.7838  1.204876e+00    0.8094
 63.9640  1.210022e+00    0.8279
 64.1442  1.215152e+00    0.8463
 64.3243  1.220267e+00    0.8645
 64.5045  1.225367e+00    0.8827
 64.6847  1.230450e+00    0.9006
 64.8649  1.235517e+00    0.9185
 65.0451  1.240567e+00    0.9362
 65.2252  1.245600e+00    0.9538
 65.4054  1.250616e+00    0.9712
 65.5856  1.255614e+00    0.9886
 65.7658  1.260594e+00    1.0058
 65.9460  1.265556e+00    1.0228
 66.1261  1.270499e+00    1.0397
 66.3063  1.275423e+00    1.0565
 66.4865  1.280327e+00    1.0732
 66.6667  1.285211e+00    1.0897
 66.8469  1.290076e+00    1.1062
 67.0270  1.294920e+00    1.1224
 67.2072  1.299743e+00    1.1386
 67.3874  1.304546e+00    1.1546
 67.5676  1.309326e+00    1.1705
 67.7478  1.314085e+00    1.1862
 67.9279  1.318822e+00    1.2019
 68.1081  1.323536e+00    1.2174
 68.2883  1.328228e+00    1.2327
 68.4685  1.332896e+00    1.2480
 68.6487  1.337541e+00    1.2631
 68.8288  1.342162e+00    1.2781
 69.0090  1.346759e+00    1.2929
 69.1892  1.351332e+00    1.3076
 69.3694  1.355880e+00    1.3222
 69.5496  1.360403e+00    1.3367
 69.7297  1.364900e+00    1.3510
 69.9099  1.369371e+00    1.3652
 70.0901  1.373817e+00    1.3793
 70.2703  1.378235e+00    1.3932
 70.4505  1.382628e+00    1.4071
 70.6306  1.386993e+00    1.4207
 70.8108  1.391330e+00    1.4343
 70.9910  1.395640e+00    1.4477
 71.1712  1.399922e+00    1.4610
 71.3514  1.404176e+00    1.4742
 71.5315  1.408401e+00    1.4873
 71.7117  1.412596e+00    1.5002
 71.8919  1.416763e+00    1.5130
 72.0721  1.420900e+00    1.5256
 72.2523  1.425007e+00    1.5382
 72.4324  1.429083e+00    1.5506
 72.6126  1.433130e+00    1.5629
 72.7928  1.437145e+00    1.5750
 72.9730  1.441129e+00    1.5870
 73.1532  1.445082e+00    1.5989
 73.3333  1.449002e+00    1.6107
 73.5135  1.452891e+00    1.6223
 73.6937  1.456748e+00    1.6338
 73.8739  1.460571e+00    1.6452
 74.0541  1.464362e+00    1.6565
 74.2342  1.468119e+00    1.6676
 74.4144  1.471843e+00    1.6786
 74.5946  1.475533e+00    1.6895
 74.7748  1.479189e+00    1.7002
 74.9550  1.482811e+00    1.7109
 75.1351  1.486397e+00    1.7213
 75.3153  1.489949e+00    1.7317
 75.4955  1.493466e+00    1.7420
 75.6757  1.496947e+00    1.7521
 75.8559  1.500392e+00    1.7620
 76.0360  1.503801e+00    1.7719
 76.2162  1.507173e+00    1.7816
 76.3964  1.510509e+00    1.7912
 76.5766  1.513809e+00    1.8007
 76.7568  1.517071e+00    1.8101
 76.9369  1.520295e+00    1.8193
 77.1171  1.523482e+00    1.8284
 77.2973  1.526631e+00    1.8373
 77.4775  1.529742e+00    1.8462
 77.6577  1.532814e+00    1.8549
 77.8378  1.535848e+00    1.8635
 78.0180  1.538843e+00    1.8719
 78.1982  1.541798e+00    1.8803
 78.3784  1.544715e+00    1.8885
 78.5586  1.547591e+00    1.8966
 78.7387  1.550428e+00    1.9045
 78.9189  1.553224e+00    1.9123
 79.0991  1.555981e+00    1.9200
 79.2793  1.558696e+00    1.9276
 79.4595  1.561371e+00    1.9351
 79.6396  1.564005e+00    1.9424
 79.8198  1.566598e+00    1.9496
 80.0000  1.569149e+00    1.9566
 80.1802  1.571659e+00    1.9636
 80.3604  1.574127e+00    1.9704
 80.5405  1.576553e+00    1.9771
 80.7207  1.578936e+00    1.9836
 80.9009  1.581277e+00    1.9901
 81.0811  1.583576e+00    1.9964
 81.2613  1.585832e+00    2.0026
 81.4414  1.588044e+00    2.0086
 81.6216  1.590214e+00    2.0146
 81.8018  1.592340e+00    2.0204
 81.9820  1.594422e+00    2.0260
 82.1622  1.596461e+00    2.0316
 82.3423  1.598456e+00    2.0370
 82.5225  1.600407e+00    2.0423
 82.7027  1.602314e+00    2.0475
 82.8829  1.604176e+00    2.0525
 83.0631  1.605994e+00    2.0574
 83.2432  1.607767e+00    2.0622
 83.4234  1.609496e+00    2.0669
 83.6036  1.611179e+00    2.0714
 83.7838  1.612817e+00    2.0759
 83.9640  1.614410e+00    2.0801
 84.1441  1.615958e+00    2.0843
 84.3243  1.617460e+00    2.0883
 84.5045  1.618916e+00    2.0922
 84.6847  1.620327e+00    2.0960
 84.8649  1.621691e+00    2.0997
 85.0450  1.623010e+00    2.1032
 85.2252  1.624283e+00    2.1066
 85.4054  1.625509e+00    2.1099
 85.5856  1.626690e+00    2.1130
 85.7658  1.627823e+00    2.1161
 85.9459  1.628910e+00    2.1190
 86.1261  1.629951e+00    2.1217
 86.3063  1.630945e+00    2.1244
 86.4865  1.631892e+00    2.1269
 86.6667  1.632792e+00    2.1293
 86.8468  1.633646e+00    2.1316
 87.0270  1.634452e+00    2.1337
 87.2072  1.635211e+00    2.1357
 87.3874  1.635923e+00    2.1376
 87.5676  1.636588e+00    2.1394
 87.7477  1.637206e+00    2.1410
 87.9279  1.637776e+00    2.1425
 88.1081  1.638299e+00    2.1439
 88.2883  1.638775e+00    2.1452
 88.4685  1.639203e+00    2.1463
 88.6486  1.639583e+00    2.1473
 88.8288  1.639917e+00    2.1482
 89.0090  1.640202e+00    2.1490
 89.1892  1.640440e+00    2.1496
 89.3694  1.640631e+00    2.1501
 89.5495  1.640774e+00    2.1505
 89.7297  1.640869e+00    2.1507
 89.9099  1.640916e+00    2.1509
 90.0901  1.640916e+00    2.1509
 90.2703  1.640869e+00    2.1507
 90.4505  1.640774e+00    2.1505
 90.6306  1.640631e+00    2.1501
 90.8108  1.640440e+00    2.1496
 90.9910  1.640202e+00    2.1490
 91.1712  1.639917e+00    2.1482
 91.3514  1.639583e+00    2.1473
 91.5315  1.639203e+00    2.1463
 91.7117  1.638775e+00    2.1452
 91.8919  1.638299e+00    2.1439
 92.0721  1.637776e+00    2.1425
 92.2523  1.637206e+00    2.1410
 92.4324  1.636588e+00    2.1394
 92.6126  1.635923e+00    2.1376
 92.7928  1.635211e+00    2.1357
 92.9730  1.634452e+00    2.1337
 93.1532  1.633646e+00    2.1316
 93.3333  1.632792e+00    2.1293
 93.5135  1.631892e+00    2.1269
 93.6937  1.630945e+00    2.1244
 93.8739  1.629951e+00    2.1217
 94.0541  1.628910e+00    2.1190
 94.2342  1.627823e+00    2.1161
 94.4144  1.626690e+00    2.1130
 94.5946  1.625509e+00    2.1099
 94.7748  1.624283e+00    2.1066
 94.9550  1.623010e+00    2.1032
 95.1351  1.621691e+00    2.0997
 95.3153  1.620327e+00    2.0960
 95.4955  1.618916e+00    2.0922
 95.6757  1.617460e+00    2.0883
 95.8559  1.615958e+00    2.0843
 96.0360  1.614410e+00    2.0801
 96.2162  1.612817e+00    2.0759
 96.3964  1.611179e+00    2.0714
 96.5766  1.609496e+00    2.0669
 96.7568  1.607767e+00    2.0622
 96.9369  1.605994e+00    2.0574
 97.1171  1.604176e+00    2.0525
 97.2973  1.602314e+00    2.0475
 97.4775  1.600407e+00    2.0423
 97.6577  1.598456e+00    2.0370
 97.8378  1.596461e+00    2.0316
 98.0180  1.594422e+00    2.0260
 98.1982  1.592340e+00    2.0204
 98.3784  1.590214e+00    2.0146
 98.5586  1.588044e+00    2.0086
 98.7387  1.585832e+00    2.0026
 98.9189  1.583576e+00    1.9964
 99.0991  1.581277e+00    1.9901
 99.2793  1.578936e+00    1.9836
 99.4595  1.576553e+00    1.9771
 99.6396  1.574127e+00    1.9704
 99.8198  1.571659e+00    1.9636
100.0000  1.569149e+00    1.9566
100.1802  1.566598e+00    1.9496
100.3604  1.564005e+00    1.9424
100.5405  1.561371e+00    1.9351
100.7207  1.558696e+00    1.9276
100.9009  1.555981e+00    1.9200
101.0811  1.553224e+00    1.9123
101.2613  1.550428e+00    1.9045
101.4414  1.547591e+00    1.8966
101.6216  1.544715e+00    1.8885
101.8018  1.541798e+00    1.8803
101.9820  1.538843e+00    1.8719
102.1622  1.535848e+00    1.8635
102.3423  1.532814e+00    1.8549
102.5225  1.529742e+00    1.8462
102.7027  1.526631e+00    1.8373
102.8829  1.523482e+00    1.8284
103.0631  1.520295e+00    1.8193
103.2432  1.517071e+00    1.8101
103.4234  1.513809e+00    1.8007
103.6036  1.510509e+00    1.7912
103.7838  1.507173e+00    1.7816
103.9640  1.503801e+00    1.7719
104.1441  1.500392e+00    1.7620
104.3243  1.496947e+00    1.7521
104.5045  1.493466e+00    1.7420
104.6847  1.489949e+00    1.7317
104.8649  1.486397e+00    1.7213
105.0450  1.482811e+00    1.7109
105.2252  1.479189e+00    1.7002
105.4054  1.475533e+00    1.6895
105.5856  1.471843e+00    1.6786
105.7658  1.468119e+00    1.6676
105.9459  1.464362e+00    1.6565
106.1261  1.460571e+00    1.6452
106.3063  1.456748e+00    1.6338
106.4865  1.452891e+00    1.6223
106.6667  1.449002e+00    1.6107
106.8468  1.445082e+00    1.5989
107.0270  1.441129e+00    1.5870
107.2072  1.437145e+00    1.5750
107.3874  1.433130e+00    1.5629
107.5676  1.429083e+00    1.5506
107.7477  1.425007e+00    1.5382
107.9279  1.420900e+00    1.5256
108.1081  1.416763e+00    1.5130
108.2883  1.412596e+00    1.5002
108.4685  1.408401e+00    1.4873
108.6486  1.404176e+00    1.4742
108.8288  1.399922e+00    1.4610
109.0090  1.395640e+00    1.4477
109.1892  1.391330e+00    1.4343
109.3694  1.386993e+00    1.4207
109.5495  1.382628e+00    1.4071
109.7297  1.378235e+00    1.3932
109.9099  1.373817e+00    1.3793
110.0901  1.369371e+00    1.3652
110.2703  1.364900e+00    1.3510
110.4504  1.360403e+00    1.3367
110.6306  1.355880e+00    1.3222
110.8108  1.351332e+00    1.3076
110.9910  1.346759e+00    1.2929
111.1712  1.342162e+00    1.2781
111.3513  1.337541e+00    1.2631
111.5315  1.332896e+00    1.2480
111.7117  1.328228e+00    1.2327
111.8919  1.323536e+00    1.2174
112.0721  1.318822e+00    1.2019
112.2522  1.314085e+00    1.1862
112.4324  1.309326e+00    1.1705
112.6126  1.304546e+00    1.1546
112.7928  1.299743e+00    1.1386
112.9730  1.294920e+00    1.1224
113.1531  1.290076e+00    1.1062
113.3333  1.285211e+00    1.0897
113.5135  1.280327e+00    1.0732
113.6937  1.275423e+00    1.0565
113.8739  1.270499e+00    1.0397
114.0540  1.265556e+00    1.0228
114.2342  1.260594e+00    1.0058
114.4144  1.255614e+00    0.9886
114.5946  1.250616e+00    0.9712
114.7748  1.245600e+00    0.9538
114.9549  1.240567e+00    0.9362
115.1351  1.235517e+00    0.9185
115.3153  1.230450e+00    0.9006
115.4955  1.225367e+00    0.8827
115.6757  1.220267e+00    0.8645
115.8558  1.215152e+00    0.8463
116.0360  1.210022e+00    0.8279
116.2162  1.204876e+00    0.8094
116.3964  1.199716e+00    0.7908
116.5766  1.194542e+00    0.7720
116.7567  1.189353e+00    0.7531
116.9369  1.184151e+00    0.7341
117.1171  1.178936e+00    0.7149
117.2973  1.173708e+00    0.6956
117.4775  1.168466e+00    0.6762
117.6576  1.163213e+00    0.6566
117.8378  1.157948e+00    0.6369
118.0180  1.152671e+00    0.6171
118.1982  1.147382e+00    0.5971
118.3784  1.142083e+00    0.5770
118.5585  1.136773e+00    0.5567
118.7387  1.131453e+00    0.5364
118.9189  1.126122e+00    0.5159
119.0991  1.120782e+00    0.4952
119.2793  1.115433e+00    0.4744
119.4594  1.110075e+00    0.4535
119.6396  1.104708e+00    0.4325
119.8198  1.099332e+00    0.4113
120.0000  1.093949e+00    0.3900
120.1802  1.088558e+00    0.3685
120.3603  1.083159e+00    0.3469
120.5405  1.077754e+00    0.3252
120.7207  1.072341e+00    0.3033
120.9009  1.066923e+00    0.2813
121.0811  1.061498e+00    0.2592
121.2612  1.056067e+00    0.2369
121.4414  1.050631e+00    0.2145
121.6216  1.045190e+00    0.1920
121.8018  1.039744e+00    0.1693
121.9820  1.034293e+00    0.1464
122.1621  1.028838e+00    0.1235
122.3423  1.023380e+00    0.1004
122.5225  1.017917e+00    0.0771
122.7027  1.012452e+00    0.0537
122.8829  1.006983e+00    0.0302
123.0630  1.001512e+00    0.0066
123.2432  9.960382e-01   -0.0172
123.4234  9.905625e-01   -0.0412
123.6036  9.850850e-01   -0.0653
123.7838  9.796060e-01   -0.0895
123.9639  9.741259e-01   -0.1138
124.1441  9.686448e-01   -0.1384
124.3243  9.631632e-01   -0.1630
124.5045  9.576812e-01   -0.1878
124.6847  9.521993e-01   -0.2127
124.8648  9.467176e-01   -0.2378
125.0450  9.412365e-01   -0.2630
125.2252  9.357563e-01   -0.2884
125.4054  9.302772e-01   -0.3139
125.5856  9.247995e-01   -0.3395
125.7657  9.193235e-01   -0.3653
125.9459  9.138495e-01   -0.3913
126.1261  9.083778e-01   -0.4173
126.3063  9.029086e-01   -0.4436
126.4865  8.974422e-01   -0.4699
126.6666  8.919788e-01   -0.4965
126.8468  8.865189e-01   -0.5231
127.0270  8.810625e-01   -0.5499
127.2072  8.756100e-01   -0.5769
127.3874  8.701617e-01   -0.6040
127.5675  8.647177e-01   -0.6313
127.7477  8.592785e-01   -0.6587
127.9279  8.538441e-01   -0.6862
128.1081  8.484150e-01   -0.7139
128.2883  8.429913e-01   -0.7418
128.4684  8.375733e-01   -0.7698
128.6486  8.321612e-01   -0.7979
128.8288  8.267553e-01   -0.8262
129.0090  8.213558e-01   -0.8547
129.1892  8.159630e-01   -0.8833
129.3693  8.105772e-01   -0.9121
129.5495  8.051985e-01   -0.9410
129.7297  7.998272e-01   -0.9700
129.9099  7.944636e-01   -0.9993
130.0901  7.891078e-01   -1.0286
130.2702  7.837602e-01   -1.0582
130.4504  7.784209e-01   -1.0879
130.6306  7.730901e-01   -1.1177
130.8108  7.677682e-01   -1.1477
130.9910  7.624553e-01   -1.1779
131.1711  7.571516e-01   -1.2082
131.3513  7.518573e-01   -1.2386
131.5315  7.465728e-01   -1.2693
131.7117  7.412981e-01   -1.3001
131.8919  7.360336e-01   -1.3310
132.0720  7.307794e-01   -1.3621
132.2522  7.255357e-01   -1.3934
132.4324  7.203027e-01   -1.4248
132.6126  7.150807e-01   -1.4564
132.7928  7.098698e-01   -1.4882
132.9729  7.046703e-01   -1.5201
133.1531  6.994823e-01   -1.5522
133.3333  6.943061e-01   -1.5845
133.5135  6.891418e-01   -1.6169
133.6937  6.839897e-01   -1.6495
133.8738  6.788499e-01   -1.6823
134.0540  6.737226e-01   -1.7152
134.2342  6.686079e-01   -1.7483
134.4144  6.635062e-01   -1.7816
134.5946  6.584175e-01   -1.8150
134.7747  6.533421e-01   -1.8486
134.9549  6.482801e-01   -1.8824
135.1351  6.432317e-01   -1.9163
135.3153  6.381971e-01   -1.9505
135.4955  6.331764e-01   -1.9848
135.6756  6.281698e-01   -2.0192
135.8558  6.231775e-01   -2.0539
136.0360  6.181996e-01   -2.0887
136.2162  6.132364e-01   -2.1237
136.3964  6.082879e-01   -2.1589
136.5765  6.033544e-01   -2.1943
136.7567  5.984359e-01   -2.2298
136.9369  5.935327e-01   -2.2656
137.1171  5.886448e-01   -2.3015
137.2973  5.837726e-01   -2.3376
137.4774  5.789160e-01   -2.3738
137.6576  5.740752e-01   -2.4103
137.8378  5.692504e-01   -2.4470
138.0180  5.644418e-01   -2.4838
138.1982  5.596494e-01   -2.5208
138.3783  5.548734e-01   -2.5581
138.5585  5.501139e-01   -2.5955
138.7387  5.453711e-01   -2.6331
138.9189  5.406452e-01   -2.6709
139.0991  5.359361e-01   -2.7089
139.2792  5.312441e-01   -2.7471
139.4594  5.265694e-01   -2.7854
139.6396  5.219119e-01   -2.8240
139.8198  5.172718e-01   -2.8628
140.0000  5.126494e-01   -2.9018
140.1801  5.080445e-01   -2.9410
140.3603  5.034575e-01   -2.9804
140.5405  4.988884e-01   -3.0200
140.7207  4.943373e-01   -3.0598
140.9009  4.898043e-01   -3.0998
141.0810  4.852896e-01   -3.1400
141.2612  4.807932e-01   -3.1804
141.4414  4.763152e-01   -3.2211
141.6216  4.718558e-01   -3.2619
141.8018  4.674151e-01   -3.3030
141.9819  4.629931e-01   -3.3443
142.1621  4.585899e-01   -3.3858
142.3423  4.542057e-01   -3.4275
142.5225  4.498405e-01   -3.4694
142.7027  4.454944e-01   -3.5116
142.8828  4.411676e-01   -3.5540
143.0630  4.368601e-01   -3.5966
143.2432  4.325719e-01   -3.6394
143.4234  4.283033e-01   -3.6825
143.6036  4.240542e-01   -3.7258
143.7837  4.198247e-01   -3.7693
143.9639  4.156149e-01   -3.8131
144.1441  4.114250e-01   -3.8571
144.3243  4.072549e-01   -3.9013
144.5045  4.031048e-01   -3.9458
144.6846  3.989747e-01   -3.9905
144.8648  3.948647e-01   -4.0355
145.0450  3.907748e-01   -4.0807
145.2252  3.867052e-01   -4.1262
145.4054  3.826559e-01   -4.1719
145.5856  3.786269e-01   -4.2179
145.7657  3.746184e-01   -4.2641
145.9459  3.706303e-01   -4.3106
146.1261  3.666628e-01   -4.3573
146.3063  3.627159e-01   -4.4043
146.4865  3.587896e-01   -4.4516
146.6666  3.548841e-01   -4.4991
146.8468  3.509993e-01   -4.5469
147.0270  3.471354e-01   -4.5950
147.2072  3.432923e-01   -4.6434
147.3874  3.394701e-01   -4.6920
147.5675  3.356689e-01   -4.7409
147.7477  3.318888e-01   -4.7901
147.9279  3.281296e-01   -4.8395
148.1081  3.243916e-01   -4.8893
148.2883  3.206748e-01   -4.9394
148.4684  3.169791e-01   -4.9897
148.6486  3.133046e-01   -5.0403
148.8288  3.096514e-01   -5.0913
149.0090  3.060195e-01   -5.1425
149.1892  3.024090e-01   -5.1941
149.3693  2.988198e-01   -5.2459
149.5495  2.952520e-01   -5.2981
149.7297  2.917056e-01   -5.3506
149.9099  2.881808e-01   -5.4034
150.0901  2.846774e-01   -5.4565
150.2702  2.811955e-01   -5.5099
150.4504  2.777352e-01   -5.5637
150.6306  2.742964e-01   -5.6178
150.8108  2.708793e-01   -5.6722
150.9910  2.674838e-01   -5.7270
151.1711  2.641099e-01   -5.7822
151.3513  2.607577e-01   -5.8376
151.5315  2.574272e-01   -5.8935
151.7117  2.541184e-01   -5.9496
151.8919  2.508313e-01   -6.0062
152.0720  2.475659e-01   -6.0631
152.2522  2.443224e-01   -6.1204
152.4324  2.411005e-01   -6.1780
152.6126  2.379005e-01   -6.2360
152.7928  2.347223e-01   -6.2945
152.9729  2.315658e-01   -6.3533
153.1531  2.284312e-01   -6.4124
153.3333  2.253184e-01   -6.4720
153.5135  2.222275e-01   -6.5320
153.6937  2.191584e-01   -6.5924
153.8738  2.161112e-01   -6.6532
154.0540  2.130858e-01   -6.7145
154.2342  2.100823e-01   -6.7761
154.4144  2.071006e-01   -6.8382
154.5946  2.041408e-01   -6.9007
154.7747  2.012029e-01   -6.9637
154.9549  1.982869e-01   -7.0271
155.1351  1.953928e-01   -7.0909
155.3153  1.925205e-01   -7.1552
155.4955  1.896701e-01   -7.2200
155.6756  1.868416e-01   -7.2853
155.8558  1.840350e-01   -7.3510
156.0360  1.812503e-01   -7.4172
156.2162  1.784874e-01   -7.4839
156.3964  1.757464e-01   -7.5511
156.5765  1.730272e-01   -7.6189
156.7567  1.703299e-01   -7.6871
156.9369  1.676545e-01   -7.7558
157.1171  1.650009e-01   -7.8251
157.2973  1.623692e-01   -7.8950
157.4774  1.597592e-01   -7.9653
157.6576  1.571711e-01   -8.0363
157.8378  1.546048e-01   -8.1078
158.0180  1.520604e-01   -8.1798
158.1982  1.495377e-01   -8.2525
158.3783  1.470368e-01   -8.3257
158.5585  1.445576e-01   -8.3996
158.7387  1.421003e-01   -8.4741
158.9189  1.396647e-01   -8.5491
159.0991  1.372508e-01   -8.6249
159.2792  1.348586e-01   -8.7012
159.4594  1.324882e-01   -8.7782
159.6396  1.301394e-01   -8.8559
159.8198  1.278124e-01   -8.9343
160.0000  1.255070e-01   -9.0133
160.1801  1.232232e-01   -9.0931
160.3603  1.209611e-01   -9.1735
160.5405  1.187206e-01   -9.2547
160.7207  1.165018e-01   -9.3367
160.9009  1.143045e-01   -9.4194
161.0810  1.121288e-01   -9.5028
161.2612  1.099746e-01   -9.5871
161.4414  1.078420e-01   -9.6721
161.6216  1.057309e-01   -9.7580
161.8018  1.036413e-01   -9.8447
161.9819  1.015732e-01   -9.9322
162.1621  9.952662e-02  -10.0206
162.3423  9.750144e-02  -10.1099
162.5225  9.549770e-02  -10.2001
162.7027  9.351536e-02  -10.2912
162.8828  9.155442e-02  -10.3832
163.0630  8.961485e-02  -10.4762
163.2432  8.769664e-02  -10.5702
163.4234  8.579976e-02  -10.6651
163.6036  8.392419e-02  -10.7611
163.7837  8.206992e-02  -10.8582
163.9639  8.023693e-02  -10.9563
164.1441  7.842519e-02  -11.0554
164.3243  7.663468e-02  -11.1557
164.5045  7.486538e-02  -11.2572
164.6846  7.311728e-02  -11.3598
164.8648  7.139036e-02  -11.4636
165.0450  6.968458e-02  -11.5686
165.2252  6.799993e-02  -11.6749
165.4054  6.633640e-02  -11.7825
165.5855  6.469395e-02  -11.8914
165.7657  6.307258e-02  -12.0016
165.9459  6.147225e-02  -12.1132
166.1261  5.989295e-02  -12.2262
166.3063  5.833465e-02  -12.3407
166.4864  5.679735e-02  -12.4567
166.6666  5.528100e-02  -12.5742
166.8468  5.378560e-02  -12.6933
167.0270  5.231113e-02  -12.8141
167.2072  5.085756e-02  -12.9364
167.3873  4.942487e-02  -13.0605
167.5675  4.801304e-02  -13.1864
167.7477  4.662205e-02  -13.3141
167.9279  4.525189e-02  -13.4436
168.1081  4.390253e-02  -13.5751
168.2882  4.257395e-02  -13.7086
168.4684  4.126613e-02  -13.8441
168.6486  3.997905e-02  -13.9817
168.8288  3.871269e-02  -14.1215
169.0090  3.746704e-02  -14.2635
169.1891  3.624206e-02  -14.4079
169.3693  3.503776e-02  -14.5546
169.5495  3.385409e-02  -14.7039
169.7297  3.269106e-02  -14.8557
169.9099  3.154863e-02  -15.0102
170.0900  3.042678e-02  -15.1674
170.2702  2.932551e-02  -15.3275
170.4504  2.824479e-02  -15.4906
170.6306  2.718461e-02  -15.6568
170.8108  2.614494e-02  -15.8261
170.9909  2.512577e-02  -15.9988
171.1711  2.412708e-02  -16.1750
171.3513  2.314886e-02  -16.3547
171.5315  2.219108e-02  -16.5382
171.7117  2.125373e-02  -16.7256
171.8918  2.033681e-02  -16.9172
172.0720  1.944028e-02  -17.1130
172.2522  1.856413e-02  -17.3133
172.4324  1.770835e-02  -17.5182
172.6126  1.687292e-02  -17.7281
172.7927  1.605783e-02  -17.9431
172.9729  1.526307e-02  -18.1636
173.1531  1.448861e-02  -18.3897
173.3333  1.373445e-02  -18.6219
173.5135  1.300057e-02  -18.8604
173.6936  1.228696e-02  -19.1056
173.8738  1.159360e-02  -19.3578
174.0540  1.092049e-02  -19.6176
174.2342  1.026760e-02  -19.8853
174.4144  9.634930e-03  -20.1615
174.5945  9.022466e-03  -20.4467
174.7747  8.430196e-03  -20.7416
174.9549  7.858109e-03  -21.0468
175.1351  7.306194e-03  -21.3631
175.3153  6.774441e-03  -21.6913
175.4954  6.262839e-03  -22.0323
175.6756  5.771379e-03  -22.3872
175.8558  5.300051e-03  -22.7572
176.0360  4.848847e-03  -23.1436
176.2162  4.417757e-03  -23.5480
176.3963  4.006774e-03  -23.9721
176.5765  3.615889e-03  -24.4178
176.7567  3.245095e-03  -24.8877
176.9369  2.894385e-03  -25.3844
177.1171  2.563752e-03  -25.9112
177.2972  2.253189e-03  -26.4720
177.4774  1.962690e-03  -27.0715
177.6576  1.692251e-03  -27.7154
177.8378  1.441864e-03  -28.4108
178.0180  1.211527e-03  -29.1667
178.1981  1.001233e-03  -29.9946
178.3783  8.109791e-04  -30.9099
178.5585  6.407613e-04  -31.9330
178.7387  4.905764e-04  -33.0929
178.9189  3.604212e-04  -34.4319
179.0990  2.502933e-04  -36.0155
179.2792  1.601904e-04  -37.9536
179.4594  9.011084e-05  -40.4522
179.6396  4.005318e-05  -43.9736
179.8198  1.001643e-05  -49.9929
179.9999  1.012135e-12  -119.9476
